99 3846 51 3065.46 107 26 
3846 171396 2089 119017 4227 1012 
51 2089 51 1590.47 56 9 
3065.46 119017 1590.47 98029.3 3332.79 816.26 
107 4227 56 3332.79 267 25 
26 1012 9 816.26 25 26 